20 20
36 29 56 41 92 42 34 72 34 55 23 69 11 37 4 95 45 19 87 59 
6 89 6 91 53 42 40 92 80 80 26 72 38 63 34 52 86 54 92 88 
46 43 44 26 2 93 75 51 3 76 31 7 16 92 39 20 75 46 92 21 
87 78 8 23 3 99 69 16 70 68 98 81 8 98 58 48 21 85 61 34 
71 63 25 60 91 74 64 21 10 58 32 89 49 34 40 66 27 97 80 10 
56 42 27 47 21 70 3 18 64 66 74 68 5 100 30 81 19 48 52 93 
56 52 39 20 44 25 45 93 36 100 78 89 60 11 93 29 31 44 90 58 
31 3 87 94 58 35 25 17 66 22 38 72 58 62 38 10 94 84 93 35 
35 31 70 76 12 79 28 52 29 14 63 47 54 45 81 67 100 43 32 19 
70 30 45 40 89 37 19 93 1 51 86 27 49 55 14 27 34 62 82 44 
2 19 68 70 15 55 9 50 39 70 74 36 98 21 23 80 37 17 49 48 
16 32 5 27 66 42 27 51 28 79 16 44 62 76 46 50 44 49 43 28 
37 58 69 87 34 9 79 54 58 64 25 58 77 53 5 27 33 61 12 35 
65 16 24 88 38 24 83 87 6 50 71 57 85 12 81 38 99 88 87 99 
10 43 53 59 29 27 77 83 85 12 72 80 46 12 80 96 78 11 7 26 
1 61 65 56 24 20 81 18 87 57 22 84 93 29 50 43 53 98 90 96 
23 13 67 84 21 68 85 97 78 13 59 34 87 85 32 82 56 70 62 91 
21 7 92 12 78 47 27 66 43 32 11 14 15 70 63 97 61 77 40 75 
97 38 1 9 12 1 21 93 21 50 48 100 93 40 44 12 93 62 33 56 
24 17 8 95 63 38 78 7 94 90 48 9 73 7 13 16 45 11 83 88 
20 20
69 80 18 57 16 68 100 3 33 45 67 85 28 61 32 16 82 23 10 81 
3 74 45 77 85 67 59 60 33 23 36 36 11 40 13 87 1 18 30 49 
6 14 51 31 69 9 62 80 47 82 23 73 37 53 60 28 95 43 23 22 
37 75 96 53 22 35 29 1 40 92 19 53 35 24 73 38 94 82 1 86 
56 9 72 62 94 71 7 1 17 66 93 38 90 97 24 66 61 78 44 13 
2 20 30 72 53 50 92 63 65 59 97 61 78 31 85 3 86 87 49 71 
78 7 19 49 86 97 93 79 40 18 32 14 54 36 98 81 64 2 41 75 
49 75 78 69 15 74 56 52 78 25 61 16 57 56 15 61 73 95 82 43 
40 35 58 13 83 98 72 72 24 71 6 65 18 37 66 74 4 95 17 3 
61 51 33 89 98 9 2 93 27 34 63 76 62 81 99 13 22 63 28 42 
60 19 88 99 97 1 89 80 75 56 53 36 37 40 84 81 63 100 19 58 
73 7 90 33 57 93 38 97 24 44 30 97 34 49 46 73 85 49 24 48 
53 12 22 68 87 8 49 77 46 50 73 67 25 89 84 97 18 7 58 44 
7 66 71 61 60 72 33 33 23 92 85 50 27 73 83 99 60 77 16 69 
84 77 4 23 40 80 20 52 38 41 32 61 95 42 34 76 56 29 59 89 
34 28 7 69 11 85 58 69 51 7 85 53 29 72 9 26 16 91 1 71 
39 44 5 69 81 51 19 86 88 67 10 33 73 65 36 50 74 53 81 61 
2 25 9 26 76 44 55 81 54 98 21 93 11 14 63 49 97 74 24 65 
17 3 87 17 79 9 25 18 87 39 58 69 34 93 74 37 17 53 21 45 
67 97 2 84 68 80 48 80 66 55 52 12 51 31 45 93 95 60 34 80 
#